4294967294,1543
4294967278,418
4294967278,417
4294967278,416
4294967279,479
4294967279,420
4294967279,419
4294967279,478
4294967279,477
4294967278,415
4294967279,476
4294967279,475
4294967278,414
4294967278,413
4294967278,246
4294967278,412
4294967278,411
415,7
415,0
415,6
4294967279,474
554,5
554,4
554,3
554,2
554,1
553,7
553,6
553,5
553,4
553,3
553,2
553,1
4294967279,303
4294967278,163
551,4
551,3
551,2
551,1
4294967279,473
4294967278,162
4294967278,161
550,4
4294967278,160
550,3
550,2
550,1
4294967278,159
4294967278,158
4294967278,157
549,4
4294967278,156
549,3
549,2
549,1
4294967278,155
4294967278,154
548,4
548,3
548,2
548,1
4294967278,153
4294967294,498
547,4
4294967278,151
547,3
547,2
547,1
4294967294,417
4294967278,351
4294967278,298
4294967279,472
546,4
546,3
546,2
546,1
4294967294,173
4294967294,1070
4294967294,1155
4294967294,190
4294967294,1467
4294967294,389
4294967294,1430
544,6
544,5
544,4
544,3
544,2
544,1
4294967279,471
4294967279,470
543,4
543,3
543,2
543,1
540,5
540,4
540,3
540,2
540,1
538,4
538,3
538,2
538,1
4294967294,166
4294967294,1542
4294967278,410
4294967294,1427
4294967279,469
4294967278,409
4294967279,468
4294967278,152
4294967294,1541
4294967279,417
4294967279,269
4294967278,408
4294967279,467
4294967279,228
4294967279,466
4294967278,150
4294967294,1429
4294967279,2
4294967278,343
4294967294,1538
4294967279,140
4294967279,415
4294967278,407
4294967294,487
238,6
238,0
238,5
4294967278,294
4294967279,465
4294967279,416
4294967278,286
4294967278,285
4294967278,406
4294967278,405
4294967279,414
4294967278,404
4294967279,243
4294967278,403
535,5
535,4
535,3
535,2
535,1
534,4
534,3
534,2
534,1
533,4
533,3
533,2
533,1
4294967294,1068
4294967294,186
4294967294,407
4294967294,411
4294967294,403
4294967294,189
4294967294,390
4294967278,402
331,18
331,0
4294967279,295
4294967279,294
4294967279,273
531,5
531,4
531,3
531,2
531,1
4294967279,464
4294967278,401
530,7
530,6
530,5
530,4
530,3
530,2
530,1
4294967294,497
4294967294,1170
529,5
529,4
529,3
529,2
529,1
528,4
528,3
528,2
528,1
527,4
527,3
527,2
527,1
526,4
526,3
526,2
526,1
525,4
525,3
525,2
525,1
524,4
524,3
524,2
524,1
523,4
523,3
523,2
523,1
4294967294,1581
4294967294,1580
4294967294,1562
522,5
522,4
522,3
522,2
522,1
521,4
521,3
521,2
521,1
4294967294,496
520,4
520,3
520,2
520,1
4294967278,400
253,13
253,0
253,9
4294967278,220
4294967279,463
4294967278,399
4294967279,216
4294967279,412
4294967279,411
4294967279,409
4294967279,462
519,6
519,5
519,4
519,3
519,2
519,1
4294967279,292
518,4
518,3
518,2
518,1
517,4
517,3
517,2
517,1
4294967279,281
4294967294,1579
515,4
515,3
515,2
515,1
4294967294,44
4294967294,1423
4294967294,128
253,12
253,8
4294967278,253
4294967278,252
342,7
342,0
4294967279,413
253,11
514,5
514,4
514,3
514,2
514,1
513,5
513,4
513,3
513,2
513,1
4294967278,350
4294967278,249
512,4
512,3
512,2
512,1
4294967278,248
511,4
511,3
511,2
511,1
510,4
510,3
510,2
510,1
4294967294,1573
509,4
509,3
509,2
509,1
508,4
508,3
508,2
508,1
507,4
507,3
507,2
507,1
4294967294,1537
4294967294,43
506,5
506,4
506,3
506,2
506,1
4294967294,386
4294967294,1446
4294967294,1086
4294967294,154
4294967294,462
4294967294,486
4294967294,464
505,7
505,6
505,5
505,4
505,3
505,2
505,1
4294967294,1458
4294967294,1424
4294967294,1454
4294967294,425
4294967294,1578
4294967294,495
503,4
503,3
503,2
503,1
4294967278,398
4294967294,157
4294967294,1153
4294967294,161
502,4
502,3
502,2
502,1
501,4
501,3
501,2
501,1
4294967294,84
4294967294,1544
500,4
500,3
500,2
500,1
499,4
499,3
499,2
499,1
498,4
498,3
498,2
498,1
4294967294,0
4294967294,45
4294967294,1577
4294967294,91
4294967294,90
4294967294,87
4294967294,86
496,6
496,5
496,4
496,3
496,2
496,1
495,4
495,3
495,2
495,1
4294967294,1166
4294967279,253
4294967278,247
492,5
492,4
492,3
492,2
492,1
4294967279,234
490,4
490,3
490,2
490,1
4294967294,83
4294967294,439
4294967294,392
4294967294,114
4294967294,443
488,4
488,3
488,2
488,1
4294967278,341
487,4
487,3
487,2
487,1
486,4
486,3
486,2
486,1
4294967294,1168
485,4
485,3
485,2
485,1
4294967278,245
4294967278,243
4294967278,241
4294967278,239
4294967278,238
4294967278,237
4294967278,235
4294967278,231
4294967278,229
4294967278,227
484,4
484,3
484,2
484,1
483,4
483,3
483,2
483,1
482,5
482,4
482,3
482,2
482,1
481,5
481,4
481,3
481,2
481,1
480,4
480,3
480,2
480,1
4294967294,494
479,5
479,4
479,3
479,2
479,1
478,4
478,3
478,2
478,1
477,7
477,6
477,5
477,4
477,3
477,2
477,1
476,5
476,4
476,3
476,2
476,1
475,4
475,3
475,2
475,1
4294967294,1536
4294967278,233
474,4
474,3
474,2
474,1
473,4
473,3
473,2
473,1
472,4
472,3
472,2
472,1
4294967294,1453
471,4
471,3
471,2
471,1
4294967294,429
4294967294,388
4294967294,1431
4294967294,385
4294967294,421
4294967294,178
4294967294,1085
4294967294,1081
4294967294,416
4294967294,448
4294967294,408
4294967278,225
4294967278,223
4294967278,397
456,6
456,0
456,5
4294967278,221
4294967278,219
4294967278,217
4294967278,215
4294967278,214
4294967278,213
4294967278,212
4294967278,211
428,9
428,0
428,8
4294967294,1470
4294967278,348
4294967278,347
4294967278,396
4294967278,346
4294967278,0
331,17
331,11
331,16
331,15
331,14
331,13
331,12
331,5
331,10
331,9
331,8
331,7
331,6
4294967279,461
4294967279,410
286,10
286,9
286,8
4294967278,210
4294967278,209
4294967278,208
241,7
241,0
4294967278,207
4294967278,206
241,6
241,5
253,10
253,5
253,7
253,6
4294967294,1469
4294967278,205
4294967294,107
4294967278,204
4294967278,203
4294967294,1466
4294967278,202
4294967278,201
342,6
342,5
4294967278,200
4294967278,199
4294967278,197
4294967278,193
4294967278,191
4294967278,187
4294967278,185
4294967278,181
4294967278,179
4294967278,176
4294967278,173
4294967278,169
4294967278,167
4294967278,164
4294967294,394
4294967294,24
4294967294,1463
4294967294,1425
4294967294,1465
467,5
467,4
467,3
467,2
467,1
466,4
466,3
466,2
466,1
4294967294,2
465,8
465,7
465,6
465,5
465,4
465,3
465,2
465,1
464,5
464,4
464,3
464,2
464,1
463,5
463,4
463,3
463,2
463,1
4294967278,198
462,4
462,3
462,2
462,1
4294967294,485
4294967278,196
461,6
4294967278,195
461,5
461,4
4294967278,194
461,3
461,2
461,1
4294967278,192
4294967278,345
4294967278,190
460,5
4294967278,189
460,4
460,3
460,2
460,1
4294967278,188
4294967278,344
4294967278,186
4294967279,408
4294967278,184
459,6
459,5
4294967278,183
459,4
459,3
459,2
459,1
4294967278,182
4294967278,180
4294967278,342
4294967294,89
4294967278,178
458,4
458,3
458,2
458,1
4294967278,177
4294967278,175
4294967279,407
4294967278,172
457,6
457,5
4294967278,171
457,4
457,3
457,2
457,1
4294967278,170
4294967278,168
4294967279,406
4294967294,1468
4294967278,166
456,4
456,3
456,2
456,1
4294967278,165
455,5
455,4
455,3
455,2
455,1
454,4
454,3
454,2
454,1
4294967279,460
4294967279,0
453,7
453,6
453,5
453,4
453,3
453,2
453,1
452,4
452,3
452,2
452,1
451,4
451,3
451,2
451,1
4294967294,46
450,5
450,4
450,3
450,2
450,1
449,6
0,5
449,5
449,4
449,3
449,2
449,1
448,5
448,4
448,3
448,2
448,1
4294967293,131
4294967293,130
4294967293,129
4294967293,128
4294967293,127
4294967293,126
4294967293,125
4294967293,124
4294967293,123
4294967293,122
4294967293,121
4294967293,120
4294967293,119
4294967293,118
4294967293,117
4294967293,116
4294967293,115
4294967293,114
4294967293,113
4294967293,112
4294967293,111
4294967293,110
4294967293,109
4294967293,108
4294967293,107
4294967293,106
4294967293,105
4294967293,104
4294967293,103
4294967293,102
4294967293,101
4294967293,100
4294967293,99
4294967293,98
4294967293,97
4294967293,96
4294967293,95
4294967293,94
4294967293,93
4294967293,92
4294967293,91
4294967293,90
4294967293,89
4294967293,87
4294967293,86
4294967293,85
4294967293,84
4294967293,83
4294967293,82
4294967293,81
4294967293,80
4294967293,79
4294967293,78
4294967293,77
4294967293,76
4294967293,75
4294967293,74
4294967293,73
4294967293,72
4294967293,71
4294967293,70
4294967293,69
4294967293,68
4294967293,67
4294967293,66
4294967293,65
4294967293,64
4294967293,63
4294967293,62
4294967293,61
4294967293,60
4294967293,59
4294967293,58
4294967293,57
4294967293,56
4294967293,55
4294967293,54
4294967293,53
4294967293,52
4294967293,51
4294967293,50
4294967293,49
4294967293,48
4294967293,47
4294967293,46
4294967293,45
4294967293,44
4294967293,43
4294967293,42
4294967293,41
4294967293,40
4294967293,39
4294967293,38
4294967293,37
4294967293,36
4294967293,35
4294967293,34
4294967293,33
4294967293,32
4294967293,31
4294967293,30
4294967293,29
4294967293,28
4294967293,27
4294967293,26
4294967293,25
4294967293,24
4294967293,23
4294967293,22
4294967293,21
4294967293,20
4294967293,19
4294967293,18
4294967293,17
4294967293,16
4294967293,15
4294967293,14
4294967293,13
4294967293,12
4294967293,11
4294967293,10
4294967293,9
4294967293,8
4294967293,7
4294967293,6
4294967293,5
4294967293,4
4294967293,3
4294967278,48
4294967278,43
4294967278,287
4294967278,40
4294967278,21
4294967278,19
4294967278,18
4294967278,17
4294967278,16
4294967278,14
4294967278,289
4294967278,11
4294967278,10
4294967278,8
4294967278,7
4294967278,5
4294967278,4
4294967279,129
4294967279,128
4294967279,123
4294967279,112
4294967279,106
4294967279,105
4294967279,100
4294967279,99
4294967279,95
4294967279,94
4294967279,92
4294967279,90
4294967279,77
4294967279,66
4294967279,61
4294967279,56
4294967279,51
4294967279,46
4294967279,30
4294967279,28
4294967279,131
447,6
447,5
447,4
447,3
447,2
447,1
4294967279,132
4294967279,130
446,4
446,3
446,2
446,1
4294967279,125
4294967279,121
445,4
445,3
445,2
445,1
4294967279,122
4294967279,120
4294967279,116
4294967279,119
444,4
444,3
444,2
444,1
4294967279,117
4294967279,115
4294967278,395
4294967294,437
4294967279,114
443,6
443,5
443,4
443,3
443,2
443,1
4294967279,111
4294967279,109
442,7
442,6
442,5
442,4
442,3
442,2
442,1
4294967279,97
441,7
441,6
441,5
441,4
441,3
441,2
441,1
440,7
440,6
440,5
440,4
440,3
440,2
440,1
4294967279,89
439,5
439,4
439,3
439,2
439,1
4294967279,83
4294967279,82
438,4
438,3
438,2
438,1
4294967279,80
4294967279,78
437,4
437,3
437,2
437,1
4294967279,73
4294967279,72
436,5
436,4
436,3
436,2
436,1
4294967279,67
435,4
435,3
435,2
435,1
4294967279,64
4294967279,62
434,4
434,3
434,2
434,1
4294967279,59
4294967279,459
433,4
433,3
433,2
433,1
432,4
432,3
432,2
432,1
431,6
431,5
431,4
431,3
431,2
431,1
4294967279,41
430,9
430,8
430,7
430,6
430,5
430,4
430,3
430,2
430,1
4294967279,36
429,7
429,6
429,5
429,4
429,3
429,2
429,1
428,7
428,6
428,5
428,4
428,3
428,2
428,1
427,4
427,3
427,2
427,1
4294967278,340
426,5
426,4
426,3
426,2
426,1
4294967278,394
425,5
425,4
425,3
425,2
425,1
424,5
424,4
424,3
424,2
424,1
4294967278,339
4294967294,459
4294967294,467
423,14
423,13
423,12
423,11
423,10
423,9
423,8
423,7
423,6
423,5
423,4
423,3
423,2
423,1
4294967278,393
422,4
422,3
422,2
422,1
421,4
421,3
421,2
421,1
4294967279,108
4294967279,103
420,7
420,6
420,5
420,4
420,3
420,2
420,1
4294967279,104
419,5
419,4
419,3
419,2
419,1
4294967279,458
4294967279,96
4294967294,1
4294967294,1576
418,4
418,3
418,2
418,1
4294967279,93
4294967279,91
4294967279,86
417,5
417,4
417,3
417,2
417,1
4294967279,87
4294967279,85
4294967279,84
416,5
416,4
416,3
416,2
416,1
4294967279,81
4294967279,75
415,5
415,4
415,3
415,2
415,1
4294967279,76
4294967279,74
414,4
414,3
414,2
414,1
4294967279,71
4294967279,457
4294967279,69
4294967279,68
413,5
413,4
413,3
413,2
413,1
4294967279,63
412,4
412,3
412,2
412,1
4294967279,60
4294967279,58
4294967279,54
411,5
411,4
411,3
411,2
411,1
4294967279,55
4294967279,53
410,4
410,3
410,2
410,1
4294967279,48
4294967279,44
4294967279,404
409,4
409,3
409,2
409,1
4294967279,45
4294967279,456
4294967279,43
408,4
408,3
408,2
408,1
4294967279,38
407,4
407,3
407,2
407,1
4294967279,35
4294967279,33
406,5
406,4
406,3
406,2
406,1
4294967279,29
4294967279,27
405,5
405,4
405,3
